GA max iter

500, 323, 322
1000, 325, 322
1500, 325, 323
2000, 324, 322
2500, 325, 323
3000, 324, 322
3500, 325, 323
4000, 324, 322
4500, 325, 323
5000, 325, 323
5500, 325, 323
6000, 325, 323
6500, 324, 323
7000, 325, 323
7500, 325, 323
8000, 325, 323
8500, 324, 323
9000, 325, 322
9500, 325, 323
10000, 324, 323

GA pop size

100, 323, 322
150, 325, 323
200, 325, 323
250, 324, 322
300, 325, 323
350, 324, 322
400, 324, 323
450, 324, 322
500, 324, 323
550, 325, 323
600, 325, 322
650, 325, 323
700, 325, 322
750, 325, 323
800, 325, 323
850, 325, 323
900, 324, 323
950, 325, 322
1000, 325, 323

GA cr rate

10, 325, 323
15, 324, 322
20, 324, 322
25, 324, 322
30, 324, 322
35, 324, 322
40, 325, 322
45, 324, 322
50, 325, 323
55, 324, 322
60, 324, 322
65, 325, 323
70, 325, 323
75, 325, 322
80, 324, 322
85, 324, 322
90, 325, 322
95, 325, 322
100, 324, 322

GA mt rate

10, 325, 322
15, 324, 322
20, 324, 322
25, 325, 323
30, 324, 323
35, 324, 323
40, 324, 323
45, 325, 323
50, 325, 323
55, 325, 323
60, 325, 323
65, 324, 322
70, 325, 323
75, 324, 322
80, 325, 323
85, 325, 323
90, 324, 323
95, 325, 323
100, 324, 322

PSO max iter


PSO swarm size


PSO w


PSO r1


PSO r2
